cam0:
  T_cam_imu:
  - [-0.05758458212562573, -0.9983312011028922, -0.004339217196281046, -0.0003648193442615557]
  - [-0.995331205392374, 0.05707322810025245, 0.07783596987500778, 0.0008078584389293887]
  - [-0.07745842416150506, 0.008801110082028829, -0.9969567357652704, 0.00032788241466258665]
  - [0.0, 0.0, 0.0, 1.0]
  cam_overlaps: [1]
  camera_model: pinhole
  distortion_coeffs: [-0.315107, 0.091515, -0.001278, -0.000781]
  distortion_model: radtan
  intrinsics: [400.044709, 400.152383, 305.921838, 265.556036]
  resolution: [640, 512]
  rostopic: /camera/image_mono
  timeshift_cam_imu: 0.0021240764625246253
