cam0:
  cam_overlaps: [1]
  camera_model: pinhole
  distortion_coeffs: [-0.315107, 0.091515, -0.001278,
    -0.000781]
  distortion_model: radtan
  intrinsics: [400.044709, 400.152383, 305.921838, 265.556036]
  resolution: [640, 512]
  rostopic: /camera/image_mono
